Event,TP,FP,FN,Precision,Recall,F-1
auxPerCloseBallot,2079,0,0,1.0,1.0,1.0
obl,17500,2800,1200,0.8620689655172413,0.9358288770053476,0.8974358974358974
outcome,591,0,0,1.0,1.0,1.0
per,300,100,0,0.75,1.0,0.8571428571428571
pow,2604228,25225,0,0.9904067499970526,1.0,0.9951802564963359
sanctioned,40738,118,173,0.9971118073232818,0.9957713084500501,0.9964411070480756
status,2994,25,0,0.9917191122888374,1.0,0.9958423415932147
voted,483520,41491,11752,0.920971179651474,0.9762716244810932,0.9478154590442064
Overall,3151950,69759,13125,0.9783472064050478,0.9958531788346248,0.9870225766207218
