Event,TP,FP,FN,Precision,Recall,F-1
auxPerCloseBallot,1710,26,78,0.9850230414746544,0.9563758389261745,0.9704880817253122
obl,15300,7400,3400,0.6740088105726872,0.8181818181818182,0.7391304347826086
outcome,284,0,13,1.0,0.9562289562289562,0.9776247848537004
per,300,1800,0,0.14285714285714285,1.0,0.25
pow,2490725,76630,113503,0.9701521604920239,0.9564158744933239,0.9632350481467667
sanctioned,40072,555,839,0.9863391340733995,0.9794920681479309,0.982903676813265
status,2583,130,117,0.952082565425728,0.9566666666666667,0.9543691113984851
voted,430644,76218,64628,0.849627709317329,0.8695100873863251,0.85945392532336
Overall,2981618,162759,182578,0.9482380770499211,0.9422987703669431,0.9452590942515843
