Event,TP,FP,FN,Precision,Recall,F-1
auxPerCloseBallot,1222,226,566,0.8439226519337016,0.6834451901565995,0.7552533992583436
obl,6498,21590,12202,0.23134434634007406,0.34748663101604277,0.27776352911002816
outcome,194,47,103,0.8049792531120332,0.6531986531986532,0.7211895910780669
per,200,14088,100,0.013997760358342666,0.6666666666666666,0.027419797093501508
pow,1748104,594606,856124,0.7461888155170721,0.6712561265757069,0.7067418269644778
sanctioned,37007,2660,3904,0.9329417399853783,0.9045733421329227,0.9185385589118619
status,1812,1004,888,0.6434659090909091,0.6711111111111111,0.6569978245105149
voted,209892,294526,285380,0.416107276108307,0.42379137120612514,0.4199141733937521
Overall,2004929,928747,1159267,0.6834186869988369,0.633629838353882,0.6575831699976648
