recognitions(predictions,val,[[h],0],[(4,9),(12,17),(20,25),(28,33),(36,41),(44,49),(52,57),(60,65),(68,73),(76,81),(84,89),(92,97),(100,105),(108,113),(116,121),(124,129),(132,137),(140,145),(148,153),(156,161),(164,169),(172,177),(180,185),(188,193),(196,201)]).
recognitions(predictions,val,[[h],1],[(1,4),(9,12),(17,20),(25,28),(33,36),(41,44),(49,52),(57,60),(65,68),(73,76),(81,84),(89,92),(97,100),(105,108),(113,116),(121,124),(129,132),(137,140),(145,148),(153,156),(161,164),(169,172),(177,180),(185,188),(193,196)]).
recognitions(predictions,val,[[s],0],[(1,2),(8,10),(16,18),(24,26),(32,34),(40,42),(48,50),(56,58),(64,66),(72,74),(80,82),(88,90),(96,98),(104,106),(112,114),(120,122),(128,130),(136,138),(144,146),(152,154),(160,162),(168,170),(176,178),(184,186),(192,194),(200,201)]).
recognitions(predictions,val,[[s],1],[(2,3),(6,8),(10,11),(14,16),(18,19),(22,24),(26,27),(30,32),(34,35),(38,40),(42,43),(46,48),(50,51),(54,56),(58,59),(62,64),(66,67),(70,72),(74,75),(78,80),(82,83),(86,88),(90,91),(94,96),(98,99),(102,104),(106,107),(110,112),(114,115),(118,120),(122,123),(126,128),(130,131),(134,136),(138,139),(142,144),(146,147),(150,152),(154,155),(158,160),(162,163),(166,168),(170,171),(174,176),(178,179),(182,184),(186,187),(190,192),(194,195),(198,200)]).
recognitions(predictions,val,[[s],2],[(3,6),(11,14),(19,22),(27,30),(35,38),(43,46),(51,54),(59,62),(67,70),(75,78),(83,86),(91,94),(99,102),(107,110),(115,118),(123,126),(131,134),(139,142),(147,150),(155,158),(163,166),(171,174),(179,182),(187,190),(195,198)]).
recognitions(predictions,f,[[h],0],[(3,8),(11,16),(19,24),(27,32),(35,40),(43,48),(51,56),(59,64),(67,72),(75,80),(83,88),(91,96),(99,104),(107,112),(115,120),(123,128),(131,136),(139,144),(147,152),(155,160),(163,168),(171,176),(179,184),(187,192),(195,200)]).
recognitions(predictions,f,[[h],1],[(1,3),(8,11),(16,19),(24,27),(32,35),(40,43),(48,51),(56,59),(64,67),(72,75),(80,83),(88,91),(96,99),(104,107),(112,115),(120,123),(128,131),(136,139),(144,147),(152,155),(160,163),(168,171),(176,179),(184,187),(192,195),(200,201)]).
recognitions(predictions,f,[[s],0],[(6,9),(14,17),(22,25),(30,33),(38,41),(46,49),(54,57),(62,65),(70,73),(78,81),(86,89),(94,97),(102,105),(110,113),(118,121),(126,129),(134,137),(142,145),(150,153),(158,161),(166,169),(174,177),(182,185),(190,193),(198,201)]).
recognitions(predictions,f,[[s],1],[(1,2),(4,6),(9,10),(12,14),(17,18),(20,22),(25,26),(28,30),(33,34),(36,38),(41,42),(44,46),(49,50),(52,54),(57,58),(60,62),(65,66),(68,70),(73,74),(76,78),(81,82),(84,86),(89,90),(92,94),(97,98),(100,102),(105,106),(108,110),(113,114),(116,118),(121,122),(124,126),(129,130),(132,134),(137,138),(140,142),(145,146),(148,150),(153,154),(156,158),(161,162),(164,166),(169,170),(172,174),(177,178),(180,182),(185,186),(188,190),(193,194),(196,198)]).
recognitions(predictions,f,[[s],2],[(2,4),(10,12),(18,20),(26,28),(34,36),(42,44),(50,52),(58,60),(66,68),(74,76),(82,84),(90,92),(98,100),(106,108),(114,116),(122,124),(130,132),(138,140),(146,148),(154,156),(162,164),(170,172),(178,180),(186,188),(194,196)]).
