recognitions(predictions,val,[[h],0],[(1,2),(5,10),(13,18),(21,26),(29,34),(37,42),(45,50),(53,58),(61,66),(69,74),(77,82),(85,90),(93,98),(101,106),(109,114),(117,122),(125,130),(133,138),(141,146),(149,154),(157,162),(165,170),(173,178),(181,186),(189,194),(197,201)]).
recognitions(predictions,val,[[h],1],[(2,5),(10,13),(18,21),(26,29),(34,37),(42,45),(50,53),(58,61),(66,69),(74,77),(82,85),(90,93),(98,101),(106,109),(114,117),(122,125),(130,133),(138,141),(146,149),(154,157),(162,165),(170,173),(178,181),(186,189),(194,197)]).
recognitions(predictions,val,[[s],0],[(1,3),(9,11),(17,19),(25,27),(33,35),(41,43),(49,51),(57,59),(65,67),(73,75),(81,83),(89,91),(97,99),(105,107),(113,115),(121,123),(129,131),(137,139),(145,147),(153,155),(161,163),(169,171),(177,179),(185,187),(193,195)]).
recognitions(predictions,val,[[s],1],[(3,4),(7,9),(11,12),(15,17),(19,20),(23,25),(27,28),(31,33),(35,36),(39,41),(43,44),(47,49),(51,52),(55,57),(59,60),(63,65),(67,68),(71,73),(75,76),(79,81),(83,84),(87,89),(91,92),(95,97),(99,100),(103,105),(107,108),(111,113),(115,116),(119,121),(123,124),(127,129),(131,132),(135,137),(139,140),(143,145),(147,148),(151,153),(155,156),(159,161),(163,164),(167,169),(171,172),(175,177),(179,180),(183,185),(187,188),(191,193),(195,196),(199,201)]).
recognitions(predictions,val,[[s],2],[(4,7),(12,15),(20,23),(28,31),(36,39),(44,47),(52,55),(60,63),(68,71),(76,79),(84,87),(92,95),(100,103),(108,111),(116,119),(124,127),(132,135),(140,143),(148,151),(156,159),(164,167),(172,175),(180,183),(188,191),(196,199)]).
recognitions(predictions,f,[[h],0],[(4,9),(12,17),(20,25),(28,33),(36,41),(44,49),(52,57),(60,65),(68,73),(76,81),(84,89),(92,97),(100,105),(108,113),(116,121),(124,129),(132,137),(140,145),(148,153),(156,161),(164,169),(172,177),(180,185),(188,193),(196,201)]).
recognitions(predictions,f,[[h],1],[(1,4),(9,12),(17,20),(25,28),(33,36),(41,44),(49,52),(57,60),(65,68),(73,76),(81,84),(89,92),(97,100),(105,108),(113,116),(121,124),(129,132),(137,140),(145,148),(153,156),(161,164),(169,172),(177,180),(185,188),(193,196)]).
recognitions(predictions,f,[[s],0],[(1,2),(7,10),(15,18),(23,26),(31,34),(39,42),(47,50),(55,58),(63,66),(71,74),(79,82),(87,90),(95,98),(103,106),(111,114),(119,122),(127,130),(135,138),(143,146),(151,154),(159,162),(167,170),(175,178),(183,186),(191,194),(199,201)]).
recognitions(predictions,f,[[s],1],[(2,3),(5,7),(10,11),(13,15),(18,19),(21,23),(26,27),(29,31),(34,35),(37,39),(42,43),(45,47),(50,51),(53,55),(58,59),(61,63),(66,67),(69,71),(74,75),(77,79),(82,83),(85,87),(90,91),(93,95),(98,99),(101,103),(106,107),(109,111),(114,115),(117,119),(122,123),(125,127),(130,131),(133,135),(138,139),(141,143),(146,147),(149,151),(154,155),(157,159),(162,163),(165,167),(170,171),(173,175),(178,179),(181,183),(186,187),(189,191),(194,195),(197,199)]).
recognitions(predictions,f,[[s],2],[(3,5),(11,13),(19,21),(27,29),(35,37),(43,45),(51,53),(59,61),(67,69),(75,77),(83,85),(91,93),(99,101),(107,109),(115,117),(123,125),(131,133),(139,141),(147,149),(155,157),(163,165),(171,173),(179,181),(187,189),(195,197)]).
