recognitions(predictions,val,[[h],0],[(3,8),(11,16),(19,24),(27,32),(35,40),(43,48),(51,56),(59,64),(67,72),(75,80),(83,88),(91,96),(99,104),(107,112),(115,120),(123,128),(131,136),(139,144),(147,152),(155,160),(163,168),(171,176),(179,184),(187,192),(195,200)]).
recognitions(predictions,val,[[h],1],[(1,3),(8,11),(16,19),(24,27),(32,35),(40,43),(48,51),(56,59),(64,67),(72,75),(80,83),(88,91),(96,99),(104,107),(112,115),(120,123),(128,131),(136,139),(144,147),(152,155),(160,163),(168,171),(176,179),(184,187),(192,195),(200,201)]).
recognitions(predictions,val,[[s],0],[(7,9),(15,17),(23,25),(31,33),(39,41),(47,49),(55,57),(63,65),(71,73),(79,81),(87,89),(95,97),(103,105),(111,113),(119,121),(127,129),(135,137),(143,145),(151,153),(159,161),(167,169),(175,177),(183,185),(191,193),(199,201)]).
recognitions(predictions,val,[[s],1],[(1,2),(5,7),(9,10),(13,15),(17,18),(21,23),(25,26),(29,31),(33,34),(37,39),(41,42),(45,47),(49,50),(53,55),(57,58),(61,63),(65,66),(69,71),(73,74),(77,79),(81,82),(85,87),(89,90),(93,95),(97,98),(101,103),(105,106),(109,111),(113,114),(117,119),(121,122),(125,127),(129,130),(133,135),(137,138),(141,143),(145,146),(149,151),(153,154),(157,159),(161,162),(165,167),(169,170),(173,175),(177,178),(181,183),(185,186),(189,191),(193,194),(197,199)]).
recognitions(predictions,val,[[s],2],[(2,5),(10,13),(18,21),(26,29),(34,37),(42,45),(50,53),(58,61),(66,69),(74,77),(82,85),(90,93),(98,101),(106,109),(114,117),(122,125),(130,133),(138,141),(146,149),(154,157),(162,165),(170,173),(178,181),(186,189),(194,197)]).
recognitions(predictions,f,[[h],0],[(2,7),(10,15),(18,23),(26,31),(34,39),(42,47),(50,55),(58,63),(66,71),(74,79),(82,87),(90,95),(98,103),(106,111),(114,119),(122,127),(130,135),(138,143),(146,151),(154,159),(162,167),(170,175),(178,183),(186,191),(194,199)]).
recognitions(predictions,f,[[h],1],[(1,2),(7,10),(15,18),(23,26),(31,34),(39,42),(47,50),(55,58),(63,66),(71,74),(79,82),(87,90),(95,98),(103,106),(111,114),(119,122),(127,130),(135,138),(143,146),(151,154),(159,162),(167,170),(175,178),(183,186),(191,194),(199,201)]).
recognitions(predictions,f,[[s],0],[(5,8),(13,16),(21,24),(29,32),(37,40),(45,48),(53,56),(61,64),(69,72),(77,80),(85,88),(93,96),(101,104),(109,112),(117,120),(125,128),(133,136),(141,144),(149,152),(157,160),(165,168),(173,176),(181,184),(189,192),(197,200)]).
recognitions(predictions,f,[[s],1],[(3,5),(8,9),(11,13),(16,17),(19,21),(24,25),(27,29),(32,33),(35,37),(40,41),(43,45),(48,49),(51,53),(56,57),(59,61),(64,65),(67,69),(72,73),(75,77),(80,81),(83,85),(88,89),(91,93),(96,97),(99,101),(104,105),(107,109),(112,113),(115,117),(120,121),(123,125),(128,129),(131,133),(136,137),(139,141),(144,145),(147,149),(152,153),(155,157),(160,161),(163,165),(168,169),(171,173),(176,177),(179,181),(184,185),(187,189),(192,193),(195,197),(200,201)]).
recognitions(predictions,f,[[s],2],[(1,3),(9,11),(17,19),(25,27),(33,35),(41,43),(49,51),(57,59),(65,67),(73,75),(81,83),(89,91),(97,99),(105,107),(113,115),(121,123),(129,131),(137,139),(145,147),(153,155),(161,163),(169,171),(177,179),(185,187),(193,195)]).
