recognitions(predictions,val,[[h],0],[(1,6),(9,14),(17,22),(25,30),(33,38),(41,46),(49,54),(57,62),(65,70),(73,78),(81,86),(89,94),(97,102),(105,110),(113,118),(121,126),(129,134),(137,142),(145,150),(153,158),(161,166),(169,174),(177,182),(185,190),(193,198)]).
recognitions(predictions,val,[[h],1],[(6,9),(14,17),(22,25),(30,33),(38,41),(46,49),(54,57),(62,65),(70,73),(78,81),(86,89),(94,97),(102,105),(110,113),(118,121),(126,129),(134,137),(142,145),(150,153),(158,161),(166,169),(174,177),(182,185),(190,193),(198,201)]).
recognitions(predictions,val,[[s],0],[(5,7),(13,15),(21,23),(29,31),(37,39),(45,47),(53,55),(61,63),(69,71),(77,79),(85,87),(93,95),(101,103),(109,111),(117,119),(125,127),(133,135),(141,143),(149,151),(157,159),(165,167),(173,175),(181,183),(189,191),(197,199)]).
recognitions(predictions,val,[[s],1],[(3,5),(7,8),(11,13),(15,16),(19,21),(23,24),(27,29),(31,32),(35,37),(39,40),(43,45),(47,48),(51,53),(55,56),(59,61),(63,64),(67,69),(71,72),(75,77),(79,80),(83,85),(87,88),(91,93),(95,96),(99,101),(103,104),(107,109),(111,112),(115,117),(119,120),(123,125),(127,128),(131,133),(135,136),(139,141),(143,144),(147,149),(151,152),(155,157),(159,160),(163,165),(167,168),(171,173),(175,176),(179,181),(183,184),(187,189),(191,192),(195,197),(199,200)]).
recognitions(predictions,val,[[s],2],[(1,3),(8,11),(16,19),(24,27),(32,35),(40,43),(48,51),(56,59),(64,67),(72,75),(80,83),(88,91),(96,99),(104,107),(112,115),(120,123),(128,131),(136,139),(144,147),(152,155),(160,163),(168,171),(176,179),(184,187),(192,195),(200,201)]).
recognitions(predictions,f,[[h],0],[(1,5),(8,13),(16,21),(24,29),(32,37),(40,45),(48,53),(56,61),(64,69),(72,77),(80,85),(88,93),(96,101),(104,109),(112,117),(120,125),(128,133),(136,141),(144,149),(152,157),(160,165),(168,173),(176,181),(184,189),(192,197),(200,201)]).
recognitions(predictions,f,[[h],1],[(5,8),(13,16),(21,24),(29,32),(37,40),(45,48),(53,56),(61,64),(69,72),(77,80),(85,88),(93,96),(101,104),(109,112),(117,120),(125,128),(133,136),(141,144),(149,152),(157,160),(165,168),(173,176),(181,184),(189,192),(197,200)]).
recognitions(predictions,f,[[s],0],[(3,6),(11,14),(19,22),(27,30),(35,38),(43,46),(51,54),(59,62),(67,70),(75,78),(83,86),(91,94),(99,102),(107,110),(115,118),(123,126),(131,134),(139,142),(147,150),(155,158),(163,166),(171,174),(179,182),(187,190),(195,198)]).
recognitions(predictions,f,[[s],1],[(1,3),(6,7),(9,11),(14,15),(17,19),(22,23),(25,27),(30,31),(33,35),(38,39),(41,43),(46,47),(49,51),(54,55),(57,59),(62,63),(65,67),(70,71),(73,75),(78,79),(81,83),(86,87),(89,91),(94,95),(97,99),(102,103),(105,107),(110,111),(113,115),(118,119),(121,123),(126,127),(129,131),(134,135),(137,139),(142,143),(145,147),(150,151),(153,155),(158,159),(161,163),(166,167),(169,171),(174,175),(177,179),(182,183),(185,187),(190,191),(193,195),(198,199)]).
recognitions(predictions,f,[[s],2],[(7,9),(15,17),(23,25),(31,33),(39,41),(47,49),(55,57),(63,65),(71,73),(79,81),(87,89),(95,97),(103,105),(111,113),(119,121),(127,129),(135,137),(143,145),(151,153),(159,161),(167,169),(175,177),(183,185),(191,193),(199,201)]).
