recognitions(predictions,val,[[h],0],[(1,4),(7,12),(15,20),(23,28),(31,36),(39,44),(47,52),(55,60),(63,68),(71,76),(79,84),(87,92),(95,100),(103,108),(111,116),(119,124),(127,132),(135,140),(143,148),(151,156),(159,164),(167,172),(175,180),(183,188),(191,196),(199,201)]).
recognitions(predictions,val,[[h],1],[(4,7),(12,15),(20,23),(28,31),(36,39),(44,47),(52,55),(60,63),(68,71),(76,79),(84,87),(92,95),(100,103),(108,111),(116,119),(124,127),(132,135),(140,143),(148,151),(156,159),(164,167),(172,175),(180,183),(188,191),(196,199)]).
recognitions(predictions,val,[[s],0],[(3,5),(11,13),(19,21),(27,29),(35,37),(43,45),(51,53),(59,61),(67,69),(75,77),(83,85),(91,93),(99,101),(107,109),(115,117),(123,125),(131,133),(139,141),(147,149),(155,157),(163,165),(171,173),(179,181),(187,189),(195,197)]).
recognitions(predictions,val,[[s],1],[(1,3),(5,6),(9,11),(13,14),(17,19),(21,22),(25,27),(29,30),(33,35),(37,38),(41,43),(45,46),(49,51),(53,54),(57,59),(61,62),(65,67),(69,70),(73,75),(77,78),(81,83),(85,86),(89,91),(93,94),(97,99),(101,102),(105,107),(109,110),(113,115),(117,118),(121,123),(125,126),(129,131),(133,134),(137,139),(141,142),(145,147),(149,150),(153,155),(157,158),(161,163),(165,166),(169,171),(173,174),(177,179),(181,182),(185,187),(189,190),(193,195),(197,198)]).
recognitions(predictions,val,[[s],2],[(6,9),(14,17),(22,25),(30,33),(38,41),(46,49),(54,57),(62,65),(70,73),(78,81),(86,89),(94,97),(102,105),(110,113),(118,121),(126,129),(134,137),(142,145),(150,153),(158,161),(166,169),(174,177),(182,185),(190,193),(198,201)]).
recognitions(predictions,f,[[h],0],[(1,3),(6,11),(14,19),(22,27),(30,35),(38,43),(46,51),(54,59),(62,67),(70,75),(78,83),(86,91),(94,99),(102,107),(110,115),(118,123),(126,131),(134,139),(142,147),(150,155),(158,163),(166,171),(174,179),(182,187),(190,195),(198,201)]).
recognitions(predictions,f,[[h],1],[(3,6),(11,14),(19,22),(27,30),(35,38),(43,46),(51,54),(59,62),(67,70),(75,78),(83,86),(91,94),(99,102),(107,110),(115,118),(123,126),(131,134),(139,142),(147,150),(155,158),(163,166),(171,174),(179,182),(187,190),(195,198)]).
recognitions(predictions,f,[[s],0],[(1,4),(9,12),(17,20),(25,28),(33,36),(41,44),(49,52),(57,60),(65,68),(73,76),(81,84),(89,92),(97,100),(105,108),(113,116),(121,124),(129,132),(137,140),(145,148),(153,156),(161,164),(169,172),(177,180),(185,188),(193,196)]).
recognitions(predictions,f,[[s],1],[(4,5),(7,9),(12,13),(15,17),(20,21),(23,25),(28,29),(31,33),(36,37),(39,41),(44,45),(47,49),(52,53),(55,57),(60,61),(63,65),(68,69),(71,73),(76,77),(79,81),(84,85),(87,89),(92,93),(95,97),(100,101),(103,105),(108,109),(111,113),(116,117),(119,121),(124,125),(127,129),(132,133),(135,137),(140,141),(143,145),(148,149),(151,153),(156,157),(159,161),(164,165),(167,169),(172,173),(175,177),(180,181),(183,185),(188,189),(191,193),(196,197),(199,201)]).
recognitions(predictions,f,[[s],2],[(5,7),(13,15),(21,23),(29,31),(37,39),(45,47),(53,55),(61,63),(69,71),(77,79),(85,87),(93,95),(101,103),(109,111),(117,119),(125,127),(133,135),(141,143),(149,151),(157,159),(165,167),(173,175),(181,183),(189,191),(197,199)]).
