recognitions(predictions,val,[[h],1],[(1,2),(11,14),(31,34),(51,54),(71,74),(91,94)]).
recognitions(predictions,val,[[s],0],[(5,12),(23,32),(43,52),(63,72),(83,92)]).
recognitions(predictions,val,[[h],0],[(2,11),(14,31),(34,51),(54,71),(74,91),(94,101)]).
recognitions(predictions,f,[[h],0],[(1,10),(13,30),(33,50),(53,70),(73,90),(93,101)]).
recognitions(predictions,f,[[s],2],[(1,5),(12,23),(32,43),(52,63),(72,83),(92,101)]).
recognitions(predictions,f,[[s],1],[(11,12),(31,32),(51,52),(71,72),(91,92)]).
recognitions(predictions,f,[[h],1],[(10,13),(30,33),(50,53),(70,73),(90,93)]).
recognitions(predictions,val,[[s],2],[(2,4),(13,22),(33,42),(53,62),(73,82),(93,101)]).
recognitions(predictions,val,[[s],1],[(1,2),(4,5),(12,13),(22,23),(32,33),(42,43),(52,53),(62,63),(72,73),(82,83),(92,93)]).
recognitions(predictions,f,[[s],0],[(2,10),(20,30),(40,50),(60,70),(80,90),(100,101)]).
